0.000000000000000000e+00 0.000000000000000000e+00
1.000000000000000082e-05 6.283143965558951605e-02
2.000000000000000164e-05 1.256603988335260880e-01
3.000000000000000415e-05 1.884843971540817731e-01
4.000000000000000327e-05 2.513009544333748013e-01
5.000000000000000240e-05 3.141075907812829193e-01
6.000000000000000830e-05 3.769018266993454658e-01
7.000000000000000742e-05 4.396811831786490710e-01
8.000000000000000654e-05 5.024431817976955372e-01
9.000000000000000567e-05 5.651853448202452945e-01
1.000000000000000048e-04 6.279051952931337111e-01
1.100000000000000039e-04 6.906002571440579274e-01
1.200000000000000166e-04 7.532680552793273865e-01
1.300000000000000157e-04 8.159061156815755611e-01
1.400000000000000148e-04 8.785119655074318246e-01
1.500000000000000140e-04 9.410831331851432502e-01
1.600000000000000131e-04 1.003617148512149004e+00
1.700000000000000122e-04 1.066111542752599339e+00
1.800000000000000113e-04 1.128563848734816855e+00
1.900000000000000105e-04 1.190971600948697473e+00
2.000000000000000096e-04 1.253332335643042583e+00
2.100000000000000087e-04 1.315643590922825013e+00
2.200000000000000078e-04 1.377902906846380837e+00
2.300000000000000070e-04 1.440107825522521701e+00
2.400000000000000332e-04 1.502255891207570970e+00
2.500000000000000052e-04 1.564344650402308634e+00
2.600000000000000314e-04 1.626371651948836039e+00
2.700000000000000035e-04 1.688334447127338933e+00
2.800000000000000297e-04 1.750230589752760579e+00
2.900000000000000017e-04 1.812057636271373617e+00
3.000000000000000279e-04 1.873813145857246232e+00
3.099999999999999999e-04 1.935494680508602627e+00
3.200000000000000262e-04 1.997099805144070261e+00
3.300000000000000524e-04 2.058626087698813389e+00
3.400000000000000244e-04 2.120071099220546706e+00
3.500000000000000507e-04 2.181432413965425532e+00
3.600000000000000227e-04 2.242707609493812093e+00
3.700000000000000489e-04 2.303894266765905918e+00
3.800000000000000209e-04 2.364989970237246997e+00
3.900000000000000471e-04 2.425992307954074612e+00
4.000000000000000192e-04 2.486898871648548059e+00
4.100000000000000454e-04 2.547707256833821710e+00
4.200000000000000174e-04 2.608415062898969516e+00
4.300000000000000436e-04 2.669019893203755878e+00
4.400000000000000157e-04 2.729519355173252393e+00
4.500000000000000419e-04 2.789911060392293418e+00
4.600000000000000139e-04 2.850192624699761090e+00
4.700000000000000401e-04 2.910361668282718917e+00
4.800000000000000664e-04 2.970415815770349965e+00
4.900000000000000926e-04 3.030352696327740070e+00
5.000000000000000104e-04 3.090169943749474069e+00
5.100000000000000366e-04 3.149865196553048197e+00
5.200000000000000629e-04 3.209436098072095511e+00
5.300000000000000891e-04 3.268880296549425246e+00
5.400000000000000069e-04 3.328195445229866767e+00
5.500000000000000331e-04 3.387379202452914129e+00
5.600000000000000594e-04 3.446429231745170796e+00
5.700000000000000856e-04 3.505343201912590523e+00
5.800000000000000034e-04 3.564118787132507293e+00
5.900000000000000296e-04 3.622753667045456982e+00
6.000000000000000559e-04 3.681245526846779637e+00
6.100000000000000821e-04 3.739592057378005041e+00
6.199999999999999999e-04 3.797790955218011355e+00
6.300000000000000261e-04 3.855839922773965256e+00
6.400000000000000524e-04 3.913736668372024496e+00
6.500000000000000786e-04 3.971478906347806870e+00
6.600000000000001048e-04 4.029064357136626917e+00
6.700000000000000226e-04 4.086490747363490605e+00
6.800000000000000488e-04 4.143755809932842205e+00
6.900000000000000751e-04 4.200857284118063362e+00
7.000000000000001013e-04 4.257792915650727039e+00
7.100000000000000191e-04 4.314560456809589439e+00
7.200000000000000453e-04 4.371157666509329687e+00
7.300000000000000716e-04 4.427582310389015063e+00
7.400000000000000978e-04 4.483832160900322883e+00
7.500000000000000156e-04 4.539904997395468378e+00
7.600000000000000418e-04 4.595798606214878568e+00
7.700000000000000681e-04 4.651510780774583687e+00
7.800000000000000943e-04 4.707039321653326169e+00
7.900000000000000121e-04 4.762382036679390751e+00
8.000000000000000383e-04 4.817536741017153012e+00
8.100000000000000646e-04 4.872501257253324169e+00
8.200000000000000908e-04 4.927273415482915198e+00
8.300000000000001170e-04 4.981851053394908746e+00
8.400000000000000348e-04 5.036232016357607755e+00
8.500000000000000611e-04 5.090414157503713177e+00
8.600000000000000873e-04 5.144395337815064195e+00
8.700000000000001135e-04 5.198173426207095105e+00
8.800000000000000313e-04 5.251746299612957358e+00
8.900000000000000576e-04 5.305111843067340516e+00
9.000000000000000838e-04 5.358267949789966345e+00
9.100000000000001100e-04 5.411212521268758735e+00
9.200000000000000278e-04 5.463943467342691207e+00
9.300000000000000541e-04 5.516458706284303126e+00
9.400000000000000803e-04 5.568756164881881077e+00
9.500000000000001065e-04 5.620833778521305391e+00
9.600000000000001327e-04 5.672689491267565387e+00
9.700000000000000505e-04 5.724321255945908682e+00
9.800000000000001852e-04 5.775727034222676082e+00
9.899999999999999946e-04 5.826904796685761667e+00
1.000000000000000021e-03 5.877852522924731815e+00
1.010000000000000047e-03 5.928568201610592503e+00
1.020000000000000073e-03 5.979049830575188906e+00
1.030000000000000100e-03 6.029295416890247061e+00
1.040000000000000126e-03 6.079302976946054926e+00
1.050000000000000152e-03 6.129070536529765967e+00
1.060000000000000178e-03 6.178596130903343919e+00
1.069999999999999988e-03 6.227877804881125634e+00
1.080000000000000014e-03 6.276913612907005557e+00
1.090000000000000040e-03 6.325701619131244513e+00
1.100000000000000066e-03 6.374239897486897455e+00
1.110000000000000092e-03 6.422526531765844204e+00
1.120000000000000119e-03 6.470559615694443600e+00
1.130000000000000145e-03 6.518337253008787968e+00
1.140000000000000171e-03 6.565857557529565014e+00
1.150000000000000197e-03 6.613118653236519151e+00
1.160000000000000007e-03 6.660118674342516698e+00
1.170000000000000033e-03 6.706855765367199851e+00
1.180000000000000059e-03 6.753328081210244527e+00
1.190000000000000085e-03 6.799533787224191883e+00
1.200000000000000112e-03 6.845471059286887261e+00
1.210000000000000138e-03 6.891138083873484810e+00
1.220000000000000164e-03 6.936533058128050655e+00
1.230000000000000190e-03 6.981654189934727306e+00
1.240000000000000000e-03 7.026499697988492166e+00
1.250000000000000026e-03 7.071067811865475505e+00
1.260000000000000052e-03 7.115356772092853888e+00
1.270000000000000078e-03 7.159364830218311937e+00
1.280000000000000105e-03 7.203090248879069790e+00
1.290000000000000131e-03 7.246531301870467345e+00
1.300000000000000157e-03 7.289686274214115969e+00
1.310000000000000183e-03 7.332553462225600782e+00
1.320000000000000210e-03 7.375131173581738864e+00
1.330000000000000019e-03 7.417417727387391579e+00
1.340000000000000045e-03 7.459411454241821282e+00
1.350000000000000071e-03 7.501110696304595926e+00
1.360000000000000098e-03 7.542513807361038936e+00
1.370000000000000124e-03 7.583619152887218995e+00
1.380000000000000150e-03 7.624425110114478876e+00
1.390000000000000176e-03 7.664930068093499749e+00
1.400000000000000203e-03 7.705132427757892088e+00
1.410000000000000012e-03 7.745030601987338059e+00
1.420000000000000038e-03 7.784623015670234736e+00
1.430000000000000064e-03 7.823908105765880805e+00
1.440000000000000091e-03 7.862884321366188978e+00
1.450000000000000117e-03 7.901550123756903687e+00
1.460000000000000143e-03 7.939903986478354270e+00
1.470000000000000169e-03 7.977944395385710763e+00
1.480000000000000196e-03 8.015669848708766310e+00
1.490000000000000222e-03 8.053078857111220401e+00
1.500000000000000031e-03 8.090169943749474513e+00
1.510000000000000057e-03 8.126941644330939241e+00
1.520000000000000084e-03 8.163392507171840506e+00
1.530000000000000110e-03 8.199521093254523052e+00
1.540000000000000136e-03 8.235325976284274319e+00
1.550000000000000162e-03 8.270805742745618971e+00
1.560000000000000189e-03 8.305958991958128479e+00
1.570000000000000215e-03 8.340784336131711996e+00
1.580000000000000024e-03 8.375280400421416971e+00
1.590000000000000050e-03 8.409445822981689744e+00
1.600000000000000077e-03 8.443279255020151197e+00
1.610000000000000103e-03 8.476779360850832390e+00
1.620000000000000129e-03 8.509944817946919926e+00
1.630000000000000155e-03 8.542774316992952421e+00
1.640000000000000182e-03 8.575266561936523146e+00
1.650000000000000208e-03 8.607420270039437327e+00
1.660000000000000234e-03 8.639234171928354300e+00
1.670000000000000043e-03 8.670707011644900319e+00
1.680000000000000070e-03 8.701837546695257330e+00
1.690000000000000096e-03 8.732624548099201078e+00
1.700000000000000122e-03 8.763066800438636506e+00
1.710000000000000148e-03 8.793163101905562939e+00
1.720000000000000175e-03 8.822912264349533018e+00
1.730000000000000201e-03 8.852313113324552063e+00
1.740000000000000227e-03 8.881364488135446322e+00
1.750000000000000036e-03 8.910065241883678766e+00
1.760000000000000063e-03 8.938414241512637304e+00
1.770000000000000089e-03 8.966410367852358121e+00
1.780000000000000115e-03 8.994052515663710778e+00
1.790000000000000141e-03 9.021339593682029090e+00
1.800000000000000168e-03 9.048270524660196656e+00
1.810000000000000194e-03 9.074844245411169297e+00
1.820000000000000220e-03 9.101059706849957465e+00
1.830000000000000246e-03 9.126915874035027798e+00
1.840000000000000056e-03 9.152411726209175313e+00
1.850000000000000082e-03 9.177546256839811178e+00
1.860000000000000108e-03 9.202318473658703368e+00
1.870000000000000134e-03 9.226727398701148886e+00
1.880000000000000161e-03 9.250772068344581101e+00
1.890000000000000187e-03 9.274451533346613985e+00
1.900000000000000213e-03 9.297764858882514361e+00
1.910000000000000239e-03 9.320711124582111040e+00
1.920000000000000265e-03 9.343289424566121326e+00
1.930000000000000075e-03 9.365498867481923284e+00
1.940000000000000101e-03 9.387338576538740043e+00
1.950000000000000127e-03 9.408807689542255659e+00
1.960000000000000370e-03 9.429905358928644787e+00
1.969999999999999963e-03 9.450630751798048124e+00
1.979999999999999989e-03 9.470983049947443888e+00
1.990000000000000015e-03 9.490961449902945546e+00
2.000000000000000042e-03 9.510565162951534646e+00
2.010000000000000068e-03 9.529793415172187920e+00
2.020000000000000094e-03 9.548645447466428848e+00
2.030000000000000120e-03 9.567120515588305452e+00
2.040000000000000147e-03 9.585217890173758803e+00
2.050000000000000173e-03 9.602936856769431984e+00
2.060000000000000199e-03 9.620276715860859085e+00
2.070000000000000225e-03 9.637236782900096443e+00
2.080000000000000251e-03 9.653816388332739251e+00
2.090000000000000278e-03 9.670014877624350191e+00
2.100000000000000304e-03 9.685831611286312537e+00
2.110000000000000330e-03 9.701265964901059746e+00
2.120000000000000356e-03 9.716317329146740178e+00
2.130000000000000383e-03 9.730985109821265411e+00
2.139999999999999975e-03 9.745268727865770586e+00
2.150000000000000001e-03 9.759167619387474346e+00
2.160000000000000028e-03 9.772681235681934808e+00
2.170000000000000054e-03 9.785809043254721118e+00
2.180000000000000080e-03 9.798550523842468607e+00
2.190000000000000106e-03 9.810905174433340648e+00
2.200000000000000133e-03 9.822872507286886545e+00
2.210000000000000159e-03 9.834452049953297248e+00
2.220000000000000185e-03 9.845643345292053539e+00
2.230000000000000211e-03 9.856445951489980928e+00
2.240000000000000237e-03 9.866859442078681042e+00
2.250000000000000264e-03 9.876883405951378592e+00
2.260000000000000290e-03 9.886517447379141288e+00
2.270000000000000316e-03 9.895761186026510003e+00
2.280000000000000342e-03 9.904614256966512542e+00
2.290000000000000369e-03 9.913076310695066340e+00
2.300000000000000395e-03 9.921147013144778981e+00
2.309999999999999987e-03 9.928826045698137648e+00
2.320000000000000014e-03 9.936113105200083950e+00
2.330000000000000040e-03 9.943007903969988348e+00
2.340000000000000066e-03 9.949510169813001070e+00
2.350000000000000092e-03 9.955619646030800851e+00
2.360000000000000119e-03 9.961336091431725492e+00
2.370000000000000145e-03 9.966659280340298466e+00
2.380000000000000171e-03 9.971589002606139118e+00
2.390000000000000197e-03 9.976125063612252930e+00
2.400000000000000223e-03 9.980267284282716034e+00
2.410000000000000250e-03 9.984015501089750444e+00
2.420000000000000276e-03 9.987369566060174009e+00
2.430000000000000302e-03 9.990329346781246400e+00
2.440000000000000328e-03 9.992894726405891603e+00
2.450000000000000355e-03 9.995065603657316444e+00
2.460000000000000381e-03 9.996841892833000287e+00
2.470000000000000407e-03 9.998223523808089652e+00
2.480000000000000000e-03 9.999210442038160451e+00
2.490000000000000026e-03 9.999802608561370931e+00
2.500000000000000052e-03 1.000000000000000000e+01
2.510000000000000078e-03 9.999802608561370931e+00
2.520000000000000104e-03 9.999210442038160451e+00
2.530000000000000131e-03 9.998223523808089652e+00
2.540000000000000157e-03 9.996841892833000287e+00
2.550000000000000183e-03 9.995065603657316444e+00
2.560000000000000209e-03 9.992894726405891603e+00
2.570000000000000236e-03 9.990329346781246400e+00
2.580000000000000262e-03 9.987369566060174009e+00
2.590000000000000288e-03 9.984015501089750444e+00
2.600000000000000314e-03 9.980267284282716034e+00
2.610000000000000341e-03 9.976125063612252930e+00
2.620000000000000367e-03 9.971589002606139118e+00
2.630000000000000393e-03 9.966659280340298466e+00
2.640000000000000419e-03 9.961336091431723716e+00
2.650000000000000012e-03 9.955619646030800851e+00
2.660000000000000038e-03 9.949510169813001070e+00
2.670000000000000064e-03 9.943007903969988348e+00
2.680000000000000090e-03 9.936113105200083950e+00
2.690000000000000117e-03 9.928826045698137648e+00
2.700000000000000143e-03 9.921147013144777205e+00
2.710000000000000169e-03 9.913076310695066340e+00
2.720000000000000195e-03 9.904614256966512542e+00
2.730000000000000222e-03 9.895761186026510003e+00
2.740000000000000248e-03 9.886517447379139512e+00
2.750000000000000274e-03 9.876883405951376815e+00
2.760000000000000300e-03 9.866859442078681042e+00
2.770000000000000327e-03 9.856445951489979151e+00
2.780000000000000353e-03 9.845643345292053539e+00
2.790000000000000379e-03 9.834452049953295472e+00
2.800000000000000405e-03 9.822872507286886545e+00
2.810000000000000431e-03 9.810905174433340648e+00
2.820000000000000024e-03 9.798550523842468607e+00
2.830000000000000050e-03 9.785809043254721118e+00
2.840000000000000076e-03 9.772681235681934808e+00
2.850000000000000103e-03 9.759167619387474346e+00
2.860000000000000129e-03 9.745268727865770586e+00
2.870000000000000155e-03 9.730985109821265411e+00
2.880000000000000181e-03 9.716317329146738402e+00
2.890000000000000208e-03 9.701265964901057970e+00
2.900000000000000234e-03 9.685831611286310761e+00
2.910000000000000260e-03 9.670014877624350191e+00
2.920000000000000286e-03 9.653816388332739251e+00
2.930000000000000313e-03 9.637236782900096443e+00
2.940000000000000339e-03 9.620276715860857308e+00
2.950000000000000365e-03 9.602936856769430207e+00
2.960000000000000391e-03 9.585217890173758803e+00
2.970000000000000417e-03 9.567120515588303675e+00
2.980000000000000444e-03 9.548645447466428848e+00
2.990000000000000036e-03 9.529793415172187920e+00
3.000000000000000062e-03 9.510565162951534646e+00
3.010000000000000089e-03 9.490961449902945546e+00
3.020000000000000115e-03 9.470983049947442112e+00
3.030000000000000141e-03 9.450630751798048124e+00
3.040000000000000167e-03 9.429905358928644787e+00
3.050000000000000194e-03 9.408807689542253883e+00
3.060000000000000220e-03 9.387338576538740043e+00
3.070000000000000246e-03 9.365498867481923284e+00
3.080000000000000272e-03 9.343289424566119550e+00
3.090000000000000299e-03 9.320711124582109264e+00
3.100000000000000325e-03 9.297764858882512584e+00
3.110000000000000351e-03 9.274451533346612209e+00
3.120000000000000377e-03 9.250772068344579324e+00
3.130000000000000403e-03 9.226727398701147109e+00
3.140000000000000430e-03 9.202318473658703368e+00
3.150000000000000456e-03 9.177546256839811178e+00
3.160000000000000048e-03 9.152411726209175313e+00
3.170000000000000075e-03 9.126915874035027798e+00
3.180000000000000101e-03 9.101059706849955688e+00
3.190000000000000127e-03 9.074844245411169297e+00
3.200000000000000153e-03 9.048270524660194880e+00
3.210000000000000180e-03 9.021339593682027314e+00
3.220000000000000206e-03 8.994052515663709002e+00
3.230000000000000232e-03 8.966410367852358121e+00
3.240000000000000258e-03 8.938414241512637304e+00
3.250000000000000284e-03 8.910065241883676990e+00
3.260000000000000311e-03 8.881364488135442770e+00
3.270000000000000337e-03 8.852313113324552063e+00
3.280000000000000363e-03 8.822912264349533018e+00
3.290000000000000389e-03 8.793163101905562939e+00
3.300000000000000416e-03 8.763066800438634729e+00
3.310000000000000442e-03 8.732624548099201078e+00
3.320000000000000468e-03 8.701837546695255554e+00
3.330000000000000061e-03 8.670707011644902096e+00
3.340000000000000087e-03 8.639234171928354300e+00
3.350000000000000113e-03 8.607420270039437327e+00
3.360000000000000139e-03 8.575266561936521370e+00
3.370000000000000166e-03 8.542774316992950645e+00
3.380000000000000192e-03 8.509944817946916373e+00
3.390000000000000218e-03 8.476779360850830614e+00
3.400000000000000244e-03 8.443279255020149421e+00
3.410000000000000270e-03 8.409445822981689744e+00
3.420000000000000297e-03 8.375280400421415195e+00
3.430000000000000323e-03 8.340784336131708443e+00
3.440000000000000349e-03 8.305958991958126703e+00
3.450000000000000375e-03 8.270805742745617195e+00
3.460000000000000402e-03 8.235325976284272542e+00
3.470000000000000428e-03 8.199521093254521276e+00
3.480000000000000454e-03 8.163392507171838730e+00
3.490000000000000480e-03 8.126941644330937464e+00
3.500000000000000073e-03 8.090169943749474513e+00
3.510000000000000099e-03 8.053078857111220401e+00
3.520000000000000125e-03 8.015669848708764533e+00
3.530000000000000152e-03 7.977944395385709875e+00
3.540000000000000178e-03 7.939903986478352493e+00
3.550000000000000204e-03 7.901550123756902799e+00
3.560000000000000230e-03 7.862884321366188090e+00
3.570000000000000256e-03 7.823908105765879029e+00
3.580000000000000283e-03 7.784623015670232071e+00
3.590000000000000309e-03 7.745030601987336283e+00
3.600000000000000335e-03 7.705132427757889424e+00
3.610000000000000361e-03 7.664930068093498861e+00
3.620000000000000388e-03 7.624425110114477988e+00
3.630000000000000414e-03 7.583619152887218107e+00
3.640000000000000440e-03 7.542513807361036271e+00
3.650000000000000466e-03 7.501110696304593262e+00
3.660000000000000493e-03 7.459411454241818618e+00
3.670000000000000085e-03 7.417417727387393356e+00
3.680000000000000111e-03 7.375131173581738864e+00
3.690000000000000138e-03 7.332553462225599006e+00
3.700000000000000164e-03 7.289686274214114192e+00
3.710000000000000190e-03 7.246531301870465569e+00
3.720000000000000216e-03 7.203090248879067126e+00
3.730000000000000242e-03 7.159364830218310161e+00
3.740000000000000269e-03 7.115356772092851223e+00
3.750000000000000295e-03 7.071067811865471953e+00
3.760000000000000321e-03 7.026499697988488613e+00
3.770000000000000347e-03 6.981654189934726418e+00
3.780000000000000374e-03 6.936533058128048879e+00
3.790000000000000400e-03 6.891138083873483922e+00
3.800000000000000426e-03 6.845471059286884596e+00
3.810000000000000452e-03 6.799533787224190107e+00
3.820000000000000479e-03 6.753328081210242750e+00
3.830000000000000505e-03 6.706855765367198075e+00
3.840000000000000531e-03 6.660118674342513145e+00
3.850000000000000124e-03 6.613118653236518263e+00
3.860000000000000150e-03 6.565857557529564126e+00
3.870000000000000176e-03 6.518337253008787080e+00
3.880000000000000202e-03 6.470559615694442712e+00
3.890000000000000228e-03 6.422526531765841540e+00
3.900000000000000255e-03 6.374239897486894790e+00
3.910000000000000281e-03 6.325701619131241848e+00
3.920000000000000741e-03 6.276913612907002005e+00
3.930000000000000333e-03 6.227877804881122081e+00
3.939999999999999926e-03 6.178596130903343031e+00
3.950000000000000386e-03 6.129070536529763302e+00
3.959999999999999978e-03 6.079302976946053150e+00
3.970000000000000438e-03 6.029295416890246173e+00
3.980000000000000031e-03 5.979049830575187130e+00
3.990000000000000491e-03 5.928568201610589838e+00
4.000000000000000083e-03 5.877852522924732703e+00
4.010000000000000543e-03 5.826904796685756338e+00
4.020000000000000136e-03 5.775727034222676082e+00
4.030000000000000596e-03 5.724321255945904241e+00
4.040000000000000188e-03 5.672689491267563611e+00
4.050000000000000648e-03 5.620833778521301838e+00
4.060000000000000241e-03 5.568756164881878412e+00
4.070000000000000701e-03 5.516458706284299573e+00
4.080000000000000293e-03 5.463943467342687654e+00
4.090000000000000753e-03 5.411212521268755182e+00
4.100000000000000346e-03 5.358267949789961904e+00
4.109999999999999938e-03 5.305111843067340516e+00
4.120000000000000398e-03 5.251746299612955582e+00
4.129999999999999991e-03 5.198173426207093328e+00
4.140000000000000450e-03 5.144395337815063307e+00
4.150000000000000043e-03 5.090414157503710513e+00
4.160000000000000503e-03 5.036232016357605978e+00
4.170000000000000095e-03 4.981851053394908746e+00
4.180000000000000555e-03 4.927273415482911645e+00
4.190000000000000148e-03 4.872501257253322393e+00
4.200000000000000608e-03 4.817536741017148572e+00
4.210000000000000200e-03 4.762382036679389863e+00
4.220000000000000660e-03 4.707039321653319952e+00
4.230000000000000253e-03 4.651510780774581022e+00
4.240000000000000713e-03 4.595798606214875903e+00
4.250000000000000305e-03 4.539904997395464825e+00
4.260000000000000765e-03 4.483832160900319330e+00
4.270000000000000358e-03 4.427582310389011511e+00
4.279999999999999950e-03 4.371157666509328799e+00
4.290000000000000410e-03 4.314560456809588551e+00
4.300000000000000003e-03 4.257792915650725263e+00
4.310000000000000463e-03 4.200857284118060697e+00
4.320000000000000055e-03 4.143755809932838652e+00
4.330000000000000515e-03 4.086490747363487941e+00
4.340000000000000108e-03 4.029064357136627805e+00
4.350000000000000568e-03 3.971478906347802429e+00
4.360000000000000160e-03 3.913736668372023608e+00
4.370000000000000620e-03 3.855839922773960371e+00
4.380000000000000213e-03 3.797790955218010023e+00
4.390000000000000673e-03 3.739592057377998380e+00
4.400000000000000265e-03 3.681245526846777416e+00
4.410000000000000725e-03 3.622753667045453874e+00
4.420000000000000318e-03 3.564118787132503741e+00
4.430000000000000777e-03 3.505343201912586082e+00
4.440000000000000370e-03 3.446429231745166355e+00
4.449999999999999963e-03 3.387379202452913241e+00
4.460000000000000422e-03 3.328195445229864990e+00
4.470000000000000015e-03 3.268880296549423026e+00
4.480000000000000475e-03 3.209436098072092847e+00
4.490000000000000067e-03 3.149865196553045532e+00
4.500000000000000527e-03 3.090169943749470960e+00
4.510000000000000120e-03 3.030352696327740514e+00
4.520000000000000580e-03 2.970415815770344636e+00
4.530000000000000172e-03 2.910361668282717584e+00
4.540000000000000632e-03 2.850192624699756205e+00
4.550000000000000225e-03 2.789911060392291198e+00
4.560000000000000685e-03 2.729519355173246176e+00
4.570000000000000277e-03 2.669019893203752769e+00
4.580000000000000737e-03 2.608415062898965964e+00
4.590000000000000330e-03 2.547707256833818157e+00
4.600000000000000790e-03 2.486898871648543619e+00
4.610000000000000382e-03 2.425992307954069727e+00
4.619999999999999975e-03 2.364989970237246109e+00
4.630000000000000435e-03 2.303894266765904586e+00
4.640000000000000027e-03 2.242707609493809873e+00
4.650000000000000487e-03 2.181432413965423311e+00
4.660000000000000080e-03 2.120071099220548039e+00
4.670000000000000540e-03 2.058626087698809837e+00
4.680000000000000132e-03 1.997099805144070483e+00
4.690000000000000592e-03 1.935494680508598186e+00
4.700000000000000185e-03 1.873813145857245788e+00
4.710000000000000644e-03 1.812057636271368066e+00
4.720000000000000237e-03 1.750230589752758803e+00
4.730000000000000697e-03 1.688334447127332050e+00
4.740000000000000289e-03 1.626371651948833374e+00
4.750000000000000749e-03 1.564344650402305303e+00
4.760000000000000342e-03 1.502255891207566751e+00
4.770000000000000802e-03 1.440107825522517260e+00
4.780000000000000394e-03 1.377902906846375730e+00
4.789999999999999987e-03 1.315643590922823902e+00
4.800000000000000447e-03 1.253332335643040807e+00
4.810000000000000039e-03 1.190971600948695475e+00
4.820000000000000499e-03 1.128563848734814190e+00
4.830000000000000092e-03 1.066111542752600450e+00
4.840000000000000552e-03 1.003617148512145452e+00
4.850000000000000144e-03 9.410831331851434722e-01
4.860000000000000604e-03 8.785119655074270506e-01
4.870000000000000197e-03 8.159061156815747839e-01
4.880000000000000657e-03 7.532680552793215023e-01
4.890000000000000249e-03 6.906002571440561510e-01
4.900000000000000709e-03 6.279051952931269387e-01
4.910000000000000302e-03 5.651853448202424079e-01
4.920000000000000762e-03 5.024431817976922066e-01
4.930000000000000354e-03 4.396811831786451297e-01
4.940000000000000814e-03 3.769018266993409139e-01
4.950000000000000407e-03 3.141075907812823642e-01
4.959999999999999999e-03 2.513009544333736911e-01
4.970000000000000459e-03 1.884843971540801633e-01
4.980000000000000052e-03 1.256603988335239230e-01
4.990000000000000512e-03 6.283143965558682376e-02
5.000000000000000104e-03 1.224646799147353256e-15
5.010000000000000564e-03 -6.283143965559326305e-02
5.020000000000000157e-03 -1.256603988335259214e-01
5.030000000000000616e-03 -1.884843971540865748e-01
5.040000000000000209e-03 -2.513009544333756895e-01
5.050000000000000669e-03 -3.141075907812888035e-01
5.060000000000000261e-03 -3.769018266993473532e-01
5.070000000000000721e-03 -4.396811831786559543e-01
5.080000000000000314e-03 -5.024431817976986459e-01
5.090000000000000774e-03 -5.651853448202488472e-01
5.100000000000000366e-03 -6.279051952931378189e-01
5.110000000000000826e-03 -6.906002571440625903e-01
5.120000000000000419e-03 -7.532680552793279416e-01
5.130000000000000011e-03 -8.159061156815767824e-01
5.140000000000000471e-03 -8.785119655074334899e-01
5.150000000000000064e-03 -9.410831331851454706e-01
5.160000000000000524e-03 -1.003617148512151669e+00
5.170000000000000116e-03 -1.066111542752598007e+00
5.180000000000000576e-03 -1.128563848734820629e+00
5.190000000000000169e-03 -1.190971600948697251e+00
5.200000000000000629e-03 -1.253332335643047246e+00
5.210000000000000221e-03 -1.315643590922826123e+00
5.220000000000000681e-03 -1.377902906846386610e+00
5.230000000000000274e-03 -1.440107825522523477e+00
5.240000000000000734e-03 -1.502255891207573191e+00
5.250000000000000326e-03 -1.564344650402311743e+00
5.260000000000000786e-03 -1.626371651948839592e+00
5.270000000000000379e-03 -1.688334447127342930e+00
5.280000000000000838e-03 -1.750230589752765020e+00
5.290000000000000431e-03 -1.812057636271374506e+00
5.300000000000000024e-03 -1.873813145857247786e+00
5.310000000000000484e-03 -1.935494680508604626e+00
5.320000000000000076e-03 -1.997099805144072482e+00
5.330000000000000536e-03 -2.058626087698816054e+00
5.340000000000000129e-03 -2.120071099220545374e+00
5.350000000000000588e-03 -2.181432413965429529e+00
5.360000000000000181e-03 -2.242707609493812093e+00
5.370000000000000641e-03 -2.303894266765910803e+00
5.380000000000000233e-03 -2.364989970237247885e+00
5.390000000000000693e-03 -2.425992307954079941e+00
5.400000000000000286e-03 -2.486898871648550280e+00
5.410000000000000746e-03 -2.547707256833824374e+00
5.420000000000000338e-03 -2.608415062898972625e+00
5.430000000000000798e-03 -2.669019893203759430e+00
5.440000000000000391e-03 -2.729519355173256834e+00
5.450000000000000851e-03 -2.789911060392297415e+00
5.460000000000000443e-03 -2.850192624699761978e+00
5.470000000000000036e-03 -2.910361668282719805e+00
5.480000000000000496e-03 -2.970415815770350854e+00
5.490000000000000088e-03 -3.030352696327742290e+00
5.500000000000000548e-03 -3.090169943749477177e+00
5.510000000000000141e-03 -3.149865196553047308e+00
5.520000000000000601e-03 -3.209436098072098620e+00
5.530000000000000193e-03 -3.268880296549425246e+00
5.540000000000000653e-03 -3.328195445229871208e+00
5.550000000000000246e-03 -3.387379202452915017e+00
5.560000000000000706e-03 -3.446429231745176569e+00
5.570000000000000298e-03 -3.505343201912592299e+00
5.580000000000000758e-03 -3.564118787132509958e+00
5.590000000000000351e-03 -3.622753667045460091e+00
5.600000000000000810e-03 -3.681245526846783189e+00
5.610000000000000403e-03 -3.739592057378008150e+00
5.620000000000000863e-03 -3.797790955218015796e+00
5.630000000000000455e-03 -3.855839922773966588e+00
5.640000000000000048e-03 -3.913736668372025829e+00
5.650000000000000508e-03 -3.971478906347807758e+00
5.660000000000000100e-03 -4.029064357136629582e+00
5.670000000000000560e-03 -4.086490747363493270e+00
5.680000000000000153e-03 -4.143755809932841316e+00
5.690000000000000613e-03 -4.200857284118066026e+00
5.700000000000000205e-03 -4.257792915650727039e+00
5.710000000000000665e-03 -4.314560456809594768e+00
5.720000000000000258e-03 -4.371157666509330575e+00
5.730000000000000718e-03 -4.427582310389021281e+00
5.740000000000000310e-03 -4.483832160900324659e+00
5.750000000000000770e-03 -4.539904997395471042e+00
5.760000000000000363e-03 -4.595798606214881232e+00
5.770000000000000823e-03 -4.651510780774587239e+00
5.780000000000000415e-03 -4.707039321653329722e+00
5.790000000000000875e-03 -4.762382036679396080e+00
5.800000000000000468e-03 -4.817536741017153901e+00
5.810000000000000060e-03 -4.872501257253324169e+00
5.820000000000000520e-03 -4.927273415482917862e+00
5.830000000000000113e-03 -4.981851053394910522e+00
5.840000000000000573e-03 -5.036232016357611307e+00
5.850000000000000165e-03 -5.090414157503712289e+00
5.860000000000000625e-03 -5.144395337815068636e+00
5.870000000000000218e-03 -5.198173426207095105e+00
5.880000000000000678e-03 -5.251746299612961799e+00
5.890000000000000270e-03 -5.305111843067341404e+00
5.900000000000000730e-03 -5.358267949789972562e+00
5.910000000000000323e-03 -5.411212521268760511e+00
5.920000000000000782e-03 -5.463943467342692983e+00
5.930000000000000375e-03 -5.516458706284304903e+00
5.940000000000000835e-03 -5.568756164881883741e+00
5.950000000000000427e-03 -5.620833778521310720e+00
5.960000000000000887e-03 -5.672689491267569828e+00
5.970000000000000480e-03 -5.724321255945909570e+00
5.980000000000000072e-03 -5.775727034222677858e+00
5.990000000000000532e-03 -5.826904796685762555e+00
6.000000000000000125e-03 -5.877852522924733591e+00
6.010000000000000585e-03 -5.928568201610595167e+00
6.020000000000000177e-03 -5.979049830575188018e+00
6.030000000000000637e-03 -6.029295416890249726e+00
6.040000000000000230e-03 -6.079302976946054926e+00
6.050000000000000690e-03 -6.129070536529769520e+00
6.060000000000000282e-03 -6.178596130903343919e+00
6.070000000000000742e-03 -6.227877804881130075e+00
6.080000000000000335e-03 -6.276913612907007334e+00
6.090000000000000795e-03 -6.325701619131248066e+00
6.100000000000000387e-03 -6.374239897486900119e+00
6.110000000000000847e-03 -6.422526531765847757e+00
6.120000000000000440e-03 -6.470559615694446265e+00
6.130000000000000900e-03 -6.518337253008791521e+00
6.140000000000000492e-03 -6.565857557529565014e+00
6.150000000000000085e-03 -6.613118653236520927e+00
6.160000000000000545e-03 -6.660118674342517586e+00
6.170000000000000137e-03 -6.706855765367202515e+00
6.180000000000000597e-03 -6.753328081210247191e+00
6.190000000000000190e-03 -6.799533787224190995e+00
6.200000000000000649e-03 -6.845471059286889925e+00
6.210000000000000242e-03 -6.891138083873484810e+00
6.220000000000000702e-03 -6.936533058128054208e+00
6.230000000000000294e-03 -6.981654189934728194e+00
6.240000000000000754e-03 -7.026499697988496607e+00
6.250000000000000347e-03 -7.071067811865477282e+00
6.260000000000000807e-03 -7.115356772092855664e+00
6.270000000000000399e-03 -7.159364830218314601e+00
6.280000000000000859e-03 -7.203090248879071567e+00
6.290000000000000452e-03 -7.246531301870470010e+00
6.300000000000000912e-03 -7.289686274214118633e+00
6.310000000000000504e-03 -7.332553462225601670e+00
6.320000000000000097e-03 -7.375131173581740640e+00
6.330000000000000557e-03 -7.417417727387394244e+00
6.340000000000000149e-03 -7.459411454241823058e+00
6.350000000000000609e-03 -7.501110696304598591e+00
6.360000000000000202e-03 -7.542513807361038047e+00
6.370000000000000662e-03 -7.583619152887221659e+00
6.380000000000000254e-03 -7.624425110114478876e+00
6.390000000000000714e-03 -7.664930068093502413e+00
6.400000000000000307e-03 -7.705132427757893865e+00
6.410000000000000767e-03 -7.745030601987342500e+00
6.420000000000000359e-03 -7.784623015670235624e+00
6.430000000000000819e-03 -7.823908105765886134e+00
6.440000000000000412e-03 -7.862884321366191642e+00
6.450000000000000872e-03 -7.901550123756909905e+00
6.460000000000000464e-03 -7.939903986478356046e+00
6.470000000000000924e-03 -7.977944395385716092e+00
6.480000000000000517e-03 -8.015669848708769862e+00
6.490000000000000109e-03 -8.053078857111220401e+00
6.500000000000000569e-03 -8.090169943749479842e+00
6.510000000000000162e-03 -8.126941644330941017e+00
6.520000000000000621e-03 -8.163392507171845836e+00
6.530000000000000214e-03 -8.199521093254526605e+00
6.540000000000000674e-03 -8.235325976284274319e+00
6.550000000000000266e-03 -8.270805742745622524e+00
6.560000000000000726e-03 -8.305958991958126703e+00
6.570000000000000319e-03 -8.340784336131715548e+00
6.580000000000000779e-03 -8.375280400421418747e+00
6.590000000000000371e-03 -8.409445822981689744e+00
6.600000000000000831e-03 -8.443279255020152974e+00
6.610000000000000424e-03 -8.476779360850832390e+00
6.620000000000000884e-03 -8.509944817946919926e+00
6.630000000000000476e-03 -8.542774316992950645e+00
6.640000000000000936e-03 -8.575266561936524923e+00
6.650000000000000529e-03 -8.607420270039437327e+00
6.660000000000000121e-03 -8.639234171928350747e+00
6.670000000000000581e-03 -8.670707011644902096e+00
6.680000000000000174e-03 -8.701837546695255554e+00
6.690000000000000634e-03 -8.732624548099202855e+00
6.700000000000000226e-03 -8.763066800438636506e+00
6.710000000000000686e-03 -8.793163101905564716e+00
6.720000000000000279e-03 -8.822912264349533018e+00
6.730000000000000739e-03 -8.852313113324555616e+00
6.740000000000000331e-03 -8.881364488135446322e+00
6.750000000000000791e-03 -8.910065241883682319e+00
6.760000000000000384e-03 -8.938414241512639080e+00
6.770000000000000843e-03 -8.966410367852361674e+00
6.780000000000000436e-03 -8.994052515663712555e+00
6.790000000000000896e-03 -9.021339593682032643e+00
6.800000000000000488e-03 -9.048270524660198433e+00
6.810000000000000948e-03 -9.074844245411172849e+00
6.820000000000000541e-03 -9.101059706849959241e+00
6.830000000000000134e-03 -9.126915874035027798e+00
6.840000000000000593e-03 -9.152411726209178866e+00
6.850000000000000186e-03 -9.177546256839812955e+00
6.860000000000000646e-03 -9.202318473658706921e+00
6.870000000000000238e-03 -9.226727398701150662e+00
6.880000000000000698e-03 -9.250772068344581101e+00
6.890000000000000291e-03 -9.274451533346613985e+00
6.900000000000000751e-03 -9.297764858882514361e+00
6.910000000000000343e-03 -9.320711124582111040e+00
6.920000000000000803e-03 -9.343289424566121326e+00
6.930000000000000396e-03 -9.365498867481923284e+00
6.940000000000000856e-03 -9.387338576538741819e+00
6.950000000000000448e-03 -9.408807689542253883e+00
6.960000000000000908e-03 -9.429905358928646564e+00
6.970000000000000501e-03 -9.450630751798049900e+00
6.980000000000000961e-03 -9.470983049947443888e+00
6.990000000000000553e-03 -9.490961449902947322e+00
7.000000000000000146e-03 -9.510565162951534646e+00
7.010000000000000606e-03 -9.529793415172187920e+00
7.020000000000000198e-03 -9.548645447466428848e+00
7.030000000000000658e-03 -9.567120515588307228e+00
7.040000000000000251e-03 -9.585217890173758803e+00
7.050000000000000711e-03 -9.602936856769431984e+00
7.060000000000000303e-03 -9.620276715860859085e+00
7.070000000000000763e-03 -9.637236782900099996e+00
7.080000000000000356e-03 -9.653816388332739251e+00
7.090000000000000815e-03 -9.670014877624351968e+00
7.100000000000000408e-03 -9.685831611286312537e+00
7.110000000000000868e-03 -9.701265964901059746e+00
7.120000000000000460e-03 -9.716317329146740178e+00
7.130000000000000920e-03 -9.730985109821267187e+00
7.140000000000000513e-03 -9.745268727865772362e+00
7.150000000000000973e-03 -9.759167619387476122e+00
7.160000000000000565e-03 -9.772681235681936585e+00
7.170000000000000158e-03 -9.785809043254721118e+00
7.180000000000000618e-03 -9.798550523842470383e+00
7.190000000000000210e-03 -9.810905174433342424e+00
7.200000000000000670e-03 -9.822872507286888322e+00
7.210000000000000263e-03 -9.834452049953297248e+00
7.220000000000000723e-03 -9.845643345292053539e+00
7.230000000000000315e-03 -9.856445951489980928e+00
7.240000000000000775e-03 -9.866859442078681042e+00
7.250000000000000368e-03 -9.876883405951376815e+00
7.260000000000000828e-03 -9.886517447379141288e+00
7.270000000000000420e-03 -9.895761186026510003e+00
7.280000000000000880e-03 -9.904614256966512542e+00
7.290000000000000473e-03 -9.913076310695066340e+00
7.300000000000000933e-03 -9.921147013144778981e+00
7.310000000000000525e-03 -9.928826045698137648e+00
7.320000000000000985e-03 -9.936113105200085727e+00
7.330000000000000578e-03 -9.943007903969988348e+00
7.340000000000000170e-03 -9.949510169813001070e+00
7.350000000000000630e-03 -9.955619646030800851e+00
7.360000000000000223e-03 -9.961336091431725492e+00
7.370000000000000683e-03 -9.966659280340298466e+00
7.380000000000000275e-03 -9.971589002606139118e+00
7.390000000000000735e-03 -9.976125063612252930e+00
7.400000000000000328e-03 -9.980267284282716034e+00
7.410000000000000787e-03 -9.984015501089750444e+00
7.420000000000000380e-03 -9.987369566060174009e+00
7.430000000000000840e-03 -9.990329346781248177e+00
7.440000000000000432e-03 -9.992894726405893380e+00
7.450000000000000892e-03 -9.995065603657316444e+00
7.460000000000000485e-03 -9.996841892833000287e+00
7.470000000000000945e-03 -9.998223523808091429e+00
7.480000000000000537e-03 -9.999210442038160451e+00
7.490000000000000997e-03 -9.999802608561370931e+00
7.500000000000000590e-03 -1.000000000000000000e+01
7.510000000000000182e-03 -9.999802608561370931e+00
7.520000000000000642e-03 -9.999210442038160451e+00
7.530000000000000235e-03 -9.998223523808089652e+00
7.540000000000000695e-03 -9.996841892833000287e+00
7.550000000000000287e-03 -9.995065603657314668e+00
7.560000000000000747e-03 -9.992894726405891603e+00
7.570000000000000340e-03 -9.990329346781246400e+00
7.580000000000000800e-03 -9.987369566060174009e+00
7.590000000000000392e-03 -9.984015501089750444e+00
7.600000000000000852e-03 -9.980267284282716034e+00
7.610000000000000445e-03 -9.976125063612252930e+00
7.620000000000000905e-03 -9.971589002606139118e+00
7.630000000000000497e-03 -9.966659280340298466e+00
7.640000000000000957e-03 -9.961336091431723716e+00
7.650000000000000550e-03 -9.955619646030800851e+00
7.660000000000001009e-03 -9.949510169813001070e+00
7.670000000000000602e-03 -9.943007903969988348e+00
7.680000000000001062e-03 -9.936113105200082174e+00
7.690000000000000654e-03 -9.928826045698135871e+00
7.700000000000000247e-03 -9.921147013144778981e+00
7.710000000000000707e-03 -9.913076310695064564e+00
7.720000000000000299e-03 -9.904614256966512542e+00
7.730000000000000759e-03 -9.895761186026510003e+00
7.740000000000000352e-03 -9.886517447379139512e+00
7.750000000000000812e-03 -9.876883405951376815e+00
7.760000000000000404e-03 -9.866859442078681042e+00
7.770000000000000864e-03 -9.856445951489979151e+00
7.780000000000000457e-03 -9.845643345292053539e+00
7.790000000000000917e-03 -9.834452049953295472e+00
7.800000000000000509e-03 -9.822872507286886545e+00
7.810000000000000969e-03 -9.810905174433338871e+00
7.820000000000000562e-03 -9.798550523842466831e+00
7.830000000000000154e-03 -9.785809043254721118e+00
7.840000000000001482e-03 -9.772681235681933032e+00
7.850000000000001074e-03 -9.759167619387472570e+00
7.860000000000000667e-03 -9.745268727865770586e+00
7.870000000000000259e-03 -9.730985109821263634e+00
7.879999999999999852e-03 -9.716317329146740178e+00
7.890000000000001179e-03 -9.701265964901056194e+00
7.900000000000000772e-03 -9.685831611286310761e+00
7.910000000000000364e-03 -9.670014877624348415e+00
7.919999999999999957e-03 -9.653816388332737475e+00
7.930000000000001284e-03 -9.637236782900094667e+00
7.940000000000000877e-03 -9.620276715860857308e+00
7.950000000000000469e-03 -9.602936856769430207e+00
7.960000000000000062e-03 -9.585217890173757027e+00
7.970000000000001389e-03 -9.567120515588301899e+00
7.980000000000000981e-03 -9.548645447466428848e+00
7.990000000000000574e-03 -9.529793415172187920e+00
8.000000000000000167e-03 -9.510565162951536422e+00
8.010000000000001494e-03 -9.490961449902941993e+00
8.020000000000001086e-03 -9.470983049947440335e+00
8.030000000000000679e-03 -9.450630751798046347e+00
8.040000000000000271e-03 -9.429905358928644787e+00
8.049999999999999864e-03 -9.408807689542255659e+00
8.060000000000001191e-03 -9.387338576538738266e+00
8.070000000000000784e-03 -9.365498867481921508e+00
8.080000000000000376e-03 -9.343289424566119550e+00
8.089999999999999969e-03 -9.320711124582111040e+00
8.100000000000001296e-03 -9.297764858882509031e+00
8.110000000000000889e-03 -9.274451533346610432e+00
8.120000000000000481e-03 -9.250772068344579324e+00
8.130000000000000074e-03 -9.226727398701147109e+00
8.140000000000001401e-03 -9.202318473658701592e+00
8.150000000000000994e-03 -9.177546256839807626e+00
8.160000000000000586e-03 -9.152411726209173537e+00
8.170000000000000179e-03 -9.126915874035027798e+00
8.180000000000001506e-03 -9.101059706849953912e+00
8.190000000000001099e-03 -9.074844245411167520e+00
8.200000000000000691e-03 -9.048270524660191327e+00
8.210000000000000284e-03 -9.021339593682025537e+00
8.219999999999999876e-03 -8.994052515663709002e+00
8.230000000000001203e-03 -8.966410367852356345e+00
8.240000000000000796e-03 -8.938414241512637304e+00
8.250000000000000389e-03 -8.910065241883675213e+00
8.259999999999999981e-03 -8.881364488135442770e+00
8.270000000000001308e-03 -8.852313113324548510e+00
8.280000000000000901e-03 -8.822912264349531242e+00
8.290000000000000493e-03 -8.793163101905562939e+00
8.300000000000000086e-03 -8.763066800438632953e+00
8.310000000000001413e-03 -8.732624548099197526e+00
8.320000000000001006e-03 -8.701837546695253778e+00
8.330000000000000598e-03 -8.670707011644898543e+00
8.340000000000000191e-03 -8.639234171928354300e+00
8.350000000000001518e-03 -8.607420270039430221e+00
8.360000000000001111e-03 -8.575266561936519594e+00
8.370000000000000703e-03 -8.542774316992948869e+00
8.380000000000000296e-03 -8.509944817946918150e+00
8.389999999999999888e-03 -8.476779360850834166e+00
8.400000000000001216e-03 -8.443279255020145868e+00
8.410000000000000808e-03 -8.409445822981687968e+00
8.420000000000000401e-03 -8.375280400421415195e+00
8.429999999999999993e-03 -8.340784336131711996e+00
8.440000000000001321e-03 -8.305958991958119597e+00
8.450000000000000913e-03 -8.270805742745613642e+00
8.460000000000000506e-03 -8.235325976284270766e+00
8.470000000000000098e-03 -8.199521093254523052e+00
8.480000000000001426e-03 -8.163392507171835177e+00
8.490000000000001018e-03 -8.126941644330932135e+00
8.500000000000000611e-03 -8.090169943749469184e+00
8.510000000000000203e-03 -8.053078857111216848e+00
8.520000000000001530e-03 -8.015669848708760981e+00
8.530000000000001123e-03 -7.977944395385707210e+00
8.540000000000000716e-03 -7.939903986478348052e+00
8.550000000000000308e-03 -7.901550123756901023e+00
8.559999999999999901e-03 -7.862884321366188090e+00
8.570000000000001228e-03 -7.823908105765877252e+00
8.580000000000000820e-03 -7.784623015670232071e+00
8.590000000000000413e-03 -7.745030601987333618e+00
8.600000000000000006e-03 -7.705132427757890312e+00
8.610000000000001333e-03 -7.664930068093492643e+00
8.620000000000000925e-03 -7.624425110114475324e+00
8.630000000000000518e-03 -7.583619152887218107e+00
8.640000000000000110e-03 -7.542513807361034495e+00
8.650000000000001438e-03 -7.501110696304587933e+00
8.660000000000001030e-03 -7.459411454241816841e+00
8.670000000000000623e-03 -7.417417727387389803e+00
8.680000000000000215e-03 -7.375131173581740640e+00
8.690000000000001543e-03 -7.332553462225591900e+00
8.700000000000001135e-03 -7.289686274214108863e+00
8.710000000000000728e-03 -7.246531301870463793e+00
8.720000000000000320e-03 -7.203090248879068014e+00
8.729999999999999913e-03 -7.159364830218313713e+00
8.740000000000001240e-03 -7.115356772092845894e+00
8.750000000000000833e-03 -7.071067811865470176e+00
8.760000000000000425e-03 -7.026499697988489501e+00
8.770000000000000018e-03 -6.981654189934727306e+00
8.780000000000001345e-03 -6.936533058128039997e+00
8.790000000000000938e-03 -6.891138083873478593e+00
8.800000000000000530e-03 -6.845471059286882820e+00
8.810000000000000123e-03 -6.799533787224190995e+00
8.820000000000001450e-03 -6.753328081210240086e+00
8.830000000000001042e-03 -6.706855765367192745e+00
8.840000000000000635e-03 -6.660118674342511369e+00
8.850000000000000228e-03 -6.613118653236515598e+00
8.860000000000001555e-03 -6.565857557529558797e+00
8.870000000000001147e-03 -6.518337253008784415e+00
8.880000000000000740e-03 -6.470559615694435607e+00
8.890000000000000333e-03 -6.422526531765839763e+00
8.899999999999999925e-03 -6.374239897486896567e+00
8.910000000000001252e-03 -6.325701619131240072e+00
8.920000000000000845e-03 -6.276913612907002005e+00
8.930000000000000437e-03 -6.227877804881119417e+00
8.940000000000000030e-03 -6.178596130903341255e+00
8.950000000000001357e-03 -6.129070536529757973e+00
8.960000000000000950e-03 -6.079302976946050485e+00
8.970000000000000542e-03 -6.029295416890247061e+00
8.980000000000000135e-03 -5.979049830575183577e+00
8.990000000000001462e-03 -5.928568201610583621e+00
9.000000000000001055e-03 -5.877852522924725598e+00
9.010000000000000647e-03 -5.826904796685758114e+00
9.020000000000000240e-03 -5.775727034222677858e+00
9.030000000000001567e-03 -5.724321255945898912e+00
9.040000000000001160e-03 -5.672689491267557393e+00
9.050000000000000752e-03 -5.620833778521301838e+00
9.060000000000000345e-03 -5.568756164881879300e+00
9.069999999999999937e-03 -5.516458706284304903e+00
9.080000000000001265e-03 -5.463943467342681437e+00
9.090000000000000857e-03 -5.411212521268752518e+00
9.100000000000000450e-03 -5.358267949789963680e+00
9.110000000000000042e-03 -5.305111843067341404e+00
9.120000000000001369e-03 -5.251746299612945812e+00
9.130000000000000962e-03 -5.198173426207086223e+00
9.140000000000000555e-03 -5.144395337815059754e+00
9.150000000000000147e-03 -5.090414157503712289e+00
9.160000000000001474e-03 -5.036232016357602426e+00
9.170000000000001067e-03 -4.981851053394898088e+00
9.180000000000000659e-03 -4.927273415482909869e+00
9.190000000000000252e-03 -4.872501257253319729e+00
9.200000000000001579e-03 -4.817536741017145019e+00
9.210000000000001172e-03 -4.762382036679387198e+00
9.220000000000000764e-03 -4.707039321653317288e+00
9.230000000000000357e-03 -4.651510780774578357e+00
9.239999999999999949e-03 -4.595798606214876791e+00
9.250000000000001277e-03 -4.539904997395462161e+00
9.260000000000000869e-03 -4.483832160900320218e+00
9.270000000000000462e-03 -4.427582310389007958e+00
9.280000000000000054e-03 -4.371157666509325246e+00
9.290000000000001382e-03 -4.314560456809582334e+00
9.300000000000000974e-03 -4.257792915650721710e+00
9.310000000000000567e-03 -4.200857284118061585e+00
9.320000000000000159e-03 -4.143755809932843981e+00
9.330000000000001487e-03 -4.086490747363480835e+00
9.340000000000001079e-03 -4.029064357136620700e+00
9.350000000000000672e-03 -3.971478906347803317e+00
9.360000000000000264e-03 -3.913736668372024941e+00
9.370000000000001592e-03 -3.855839922773953710e+00
9.380000000000001184e-03 -3.797790955218002917e+00
9.390000000000000777e-03 -3.739592057377999268e+00
9.400000000000000369e-03 -3.681245526846778748e+00
9.409999999999999962e-03 -3.622753667045459203e+00
9.420000000000001289e-03 -3.564118787132496635e+00
9.430000000000000882e-03 -3.505343201912583417e+00
9.440000000000000474e-03 -3.446429231745167243e+00
9.450000000000000067e-03 -3.387379202452914129e+00
9.460000000000001394e-03 -3.328195445229853888e+00
9.470000000000000986e-03 -3.268880296549415476e+00
9.480000000000000579e-03 -3.209436098072089738e+00
9.490000000000000172e-03 -3.149865196553046864e+00
9.500000000000001499e-03 -3.090169943749467851e+00
9.510000000000001091e-03 -3.030352696327728967e+00
9.520000000000000684e-03 -2.970415815770341972e+00
9.530000000000000276e-03 -2.910361668282714920e+00
9.540000000000001604e-03 -2.850192624699752653e+00
9.550000000000001196e-03 -2.789911060392287645e+00
9.560000000000000789e-03 -2.729519355173242623e+00
9.570000000000000381e-03 -2.669019893203750105e+00
9.579999999999999974e-03 -2.608415062898967740e+00
9.590000000000001301e-03 -2.547707256833815048e+00
9.600000000000000894e-03 -2.486898871648544951e+00
9.610000000000000486e-03 -2.425992307954075056e+00
9.620000000000000079e-03 -2.364989970237243000e+00
9.630000000000001406e-03 -2.303894266765897036e+00
9.640000000000000999e-03 -2.242707609493806764e+00
9.650000000000000591e-03 -2.181432413965424200e+00
9.660000000000000184e-03 -2.120071099220548927e+00
9.670000000000001511e-03 -2.058626087698802287e+00
9.680000000000001104e-03 -1.997099805144062934e+00
9.690000000000000696e-03 -1.935494680508599297e+00
9.700000000000000289e-03 -1.873813145857246898e+00
9.710000000000001616e-03 -1.812057636271360517e+00
9.720000000000001208e-03 -1.750230589752751253e+00
9.730000000000000801e-03 -1.688334447127333382e+00
9.740000000000000394e-03 -1.626371651948834485e+00
9.749999999999999986e-03 -1.564344650402310855e+00
9.760000000000001313e-03 -1.502255891207559202e+00
9.770000000000000906e-03 -1.440107825522514151e+00
9.780000000000000498e-03 -1.377902906846376840e+00
9.790000000000000091e-03 -1.315643590922825457e+00
9.800000000000001418e-03 -1.253332335643029039e+00
9.810000000000001011e-03 -1.190971600948687703e+00
9.820000000000000603e-03 -1.128563848734811081e+00
9.830000000000000196e-03 -1.066111542752597341e+00
9.840000000000001523e-03 -1.003617148512142121e+00
9.850000000000001116e-03 -9.410831331851314818e-01
9.860000000000000708e-03 -8.785119655074238310e-01
9.870000000000000301e-03 -8.159061156815715643e-01
9.880000000000001628e-03 -7.532680552793182827e-01
9.890000000000001221e-03 -6.906002571440529314e-01
9.900000000000000813e-03 -6.279051952931326008e-01
9.910000000000000406e-03 -5.651853448202391883e-01
9.919999999999999998e-03 -5.024431817976934278e-01
9.930000000000001326e-03 -4.396811831786418545e-01
9.940000000000000918e-03 -3.769018266993421351e-01
9.950000000000000511e-03 -3.141075907812835855e-01
9.960000000000000103e-03 -2.513009544333704715e-01
9.970000000000001431e-03 -1.884843971540725027e-01
9.980000000000001023e-03 -1.256603988335207034e-01
9.990000000000000616e-03 -6.283143965558805888e-02
